Q:
3 5 
1 6 2 -5 -2
0 0 2 -8 -1
0 0 0 0 1 
-4 3 7
A:
[ [ 1.0 6.0 0.0 3.0 0.0 0.0 ]
  [ 0.0 0.0 1.0 -4.0 0.0 5.0 ]
  [ 0.0 0.0 0.0 0.0 1.0 7.0 ] ]
X1: -6.0X2 -3.0X4
X2 is free
X3: 5.0 +4.0X4
X4 is free
X5: 7.0

____________________________________________
Q:
3 5
0 3 -6 6 4
3 -7 8 -5 8
3 -9 12 -9 6
-5 9 15
A:
[ [ 1.0 0.0 -2.0 3.0 0.0 -24.0 ]
  [ 0.0 1.0 -2.0 2.0 0.0 -7.0 ]
  [ 0.0 0.0 0.0 0.0 1.0 4.0 ] ]
X1: -24.0 +2.0X3 -3.0X4
X2: -7.0 +2.0X3 -2.0X4
X3 is free
X4 is free
X5: 4.0
____________________________________________
Q:
3 5
1 6 2 -5 -2
0 0 2 -8 -1
0 0 0 0 1
-4 3 7
A:
[ [ 1.0 6.0 0.0 3.0 0.0 0.0 ]
  [ 0.0 0.0 1.0 -4.0 0.0 5.0 ]
  [ 0.0 0.0 0.0 0.0 1.0 7.0 ] ]
X1: -6.0X2 -3.0X4
X2 is free
X3: 5.0 +4.0X4
X4 is free
X5: 7.0
____________________________________________
Q:
2 3
1 -3 -5
0 1 -1
0 -1
A:
[ [ 1.0 0.0 -8.0 -3.0 ]
  [ 0.0 1.0 -1.0 -1.0 ] ]
X1: -3.0 +8.0X3
X2: -1.0 +1.0X3
X3 is free
____________________________________________
Q:
3 4
1 -2 -1 3
-2 4 5 -5
3 -6 -6 8
0 3 2
A:
this system is inconsistent
